71
128
162
166
170
177
187
221
233
291
335
385
408
432
495
556
564
622
665
704
808
870
915
947
949
952
992
1005
1064
1090
1096
1162
1260
1264
1281
1363
1412
1467
1481
1590
1594
1632
1634
1739
1742
1756
1774
1818
1824
1906
1920
2025
2077
2144
2145
2188
2213
2217
2224
2225
2229
2231
2260
2261
2268
2274
2293
2314
2316
2317
2322
2327
2333
2340
2345
2353
2380
2403
2434
2457
2480
2530
2536
2539
2548
2561
2580
2581
2590
2598
2601
2625
2626
2628
2639
2655
2713
2717
2720
2728
2729
2732
2734
2736
2741
2745
2747
2801
2821
2837
2860
2908
2918
2919
2921
2937
2958
2964
2969
2999
3010
3021
3022
3027
3028
3056
3102
3118
3170
3172
3173
3182
3216
3383
3389
3394
3432
3435
3492
3641
3665
3675
3705
3712
3727
3748
3757
3777
3779
3780
3796
3826
3833
3840
3843
3867
3869
3880
3886
3889
3892
3908
3909
3921
3923
3925
3942
3954
3963
4014
4042
4044
4047
4053
4062
4088
4096
4130
4135
4149
4161
4167
4173
4176
4192
4215
4264
4277
4329
4332
4353
4406
4463
4493
4525
4683
4749
4789
4790
4830
4870
4875
4890
4964
4971
5050
5056
5072
5089
5100
5102
5140
5177
5182
5198
5214
5255
5290
5407
5426
5433
5474
5510
5643
5651
5746
5838
5852
5865
5874
5947
6001
6026
6054
6077
6110
6135
6139
6228
6262
6263
6421
6538
6582
6645
6663
6701
6723
6768
6836
6908
6944
6977
7030
7048
7085
7134
7166
7168
7174
7242
7275
7339
7366
7378
7403
7408
7458
7475
7527
7534
7671
7847
7856
7862
7922
7927
7953
7974
7983
8044
8143
8167
8202
8207
8225
8332
8477
8651
8893
8905
8978
9047
9167
9209
9304
9323
9454
9460
9476
9542
9643
9661
9692
9747
9748
9760
9779
9826
9869
9905
9911
9939
9961
9991
10022
10141
10156
10159
10185
10215
10292
10309
10376
10399
10427
10506
10676
10845
10875
10981
10984
11210
11331
11527
11604
11609
11736
11825
11914
11988
12145
12165
12374
12478
12557
12578
12669
12747
12873
12894
12909
13037
13081
13130
13137
13140
13237
13304
13308
13315
13344
13399
13400
13421
13436
13469
13476
13479
13549
13594
13598
13599
13617
13657
13678
13679
13700
13718
13743
13755
13770
13794
13814
13842
13860
13864
13872
13877
13879
13886
13890
13893
13898
13930
13935
13936
13961
13977
13994
14001
14009
14054
14076
14124
14152
14163
14166
14229
14271
14328
14341
14504
14537
14542
14554
14583
14603
14627
14636
14659
14674
14690
14691
14700
14709
14722
14723
14737
14740
14744
14747
14752
14755
14759
14764
14770
14772
14777
14779
14785
14786
14796
14797
14801
14810
14822
14825
14847
14868
14879
14900
14912
14929
14940
14949
14955
14973
15000
15015
15035
15082
15124
15227
15236
15269
15368
15436
15485
15501
15503
15580
15599
15609
15624
15803
15804
15814
15816
15889
15914
15932
15972
16092
16112
16169
16171
16179
16257
16282
16327
16380
16429
16500
16586
16603
16609
16659
16679
16747
16761
16809
16817
16851
16897
16900
16901
16913
16914
16944
17014
17072
17077
17087
17122
17154
17251
17258
17279
17377
17479
17586
17672
17726
17808
17825
17850
17999
18180
18181
18403
18487
18517
18852
19052
19054
19068
19070
19090
19101
19105
19128
19156
19182
19186
19191
19197
19211
19215
19234
19240
19250
19259
19260
19270
19271
19288
19289
19290
19306
19312
19319
19329
19336
19342
19346
19356
19368
19369
19371
19376
19380
19394
19402
19412
19423
19425
19444
19447
19452
19455
19461
19478
19500
19503
19522
19529
19531
19553
19558
19559
19560
19573
19576
19588
19595
19605
19606
19613
19637
19664
19690
19708
19738
19834
19953
20005
20060
20169
20248
20300
20302
20319
20326
20335
20337
20344
20350
20351
20352
20375
20378
20381
20382
20385
20387
20395
20396
20397
20399
20400
20403
20410
20411
20415
20418
20420
20421
20423
20433
20446
20448
20450
20455
20456
20463
20472
20474
20480
20481
20487
20494
20496
20498
20504
20509
20510
20515
20518
20521
20522
20525
20528
20532
20534
20545
20548
20549
20552
20556
20559
20562
20563
20564
20568
20571
20574
20576
20583
20588
20596
20599
20601
20603
20606
20607
20610
20613
20615
20632
20634
20642
20647
20649
20652
20659
20667
20674
20675
20676
20680
20681
20684
20686
20688
20693
20695
20709
20715
20719
20720
20723
20726
20728
20729
20731
20732
20738
20748
20754
20756
20760
20761
20772
20774
20778
20781
20786
20789
20791
20792
20795
20796
20802
20807
20810
20812
20819
20821
20828
20829
20835
20838
20843
20847
20848
20852
20854
20858
20860
20862
20864
20867
20869
20881
20884
20885
20886
20889
20891
20895
20897
20899
20904
20906
20908
20910
20917
20919
20927
20934
20937
20941
20943
20948
20952
20956
20959
20967
20971
20972
20973
20974
20980
20984
20989
20993
20994
20997
21001
21004
21010
21015
21017
21020
21023
21025
21026
21033
21036
21038
21043
21046
21056
21059
21062
21063
21066
21068
21075
21078
21080
21087
21095
21100
21125
21130
21137
21148
21152
21154
21165
21176
21179
21201
21209
21214
21226
21234
21237
21241
21302
21311
21337
21391
21616
21669
21672
21704
21776
21798
21902
21908
21986
22040
22069
22187
22366
22403
22411
22444
22535
22700
22792
22884
23117
23144
23160
23547
23555
23581
23585
23587
23611
23631
23632
23658
23660
23682
23683
23684
23693
23694
23707
23726
23728
23740
23753
23775
23782
23790
23796
23812
23816
23846
23875
23895
23896
23909
23911
23922
23925
23938
23944
23949
23951
23953
23956
23974
23987
23994
23997
24000
24001
24014
24019
24032
24033
24035
24043
24051
24057
24060
24061
24065
24069
24075
24076
24079
24099
24104
24109
24116
24127
24136
24145
24146
24149
24157
24181
24183
24185
24186
24201
24203
24224
24228
24278
24351
24594
24608
24647
24663
24782
24787
24806
24849
24855
24917
25038
25045
25059
25065
25075
25083
25088
25107
25118
25122
25125
25127
25133
25138
25153
25163
25186
25187
25191
25192
25194
25197
25206
25211
25221
25234
25239
25242
25254
25256
25259
25268
25276
25280
25287
25299
25300
25311
25328
25329
25330
25333
25344
25348
25357
25366
25377
25385
25405
25410
25416
25418
25442
25452
25460
25463
25464
25474
25482
25483
25490
25520
25537
25559
25584
25586
25652
25687
25752
25754
25786
25795
25833
25838
25874
25949
25964
26021
26042
26048
26070
26075
26090
26096
26099
26121
26129
26138
26153
26155
26173
26181
26182
26184
26221
26223
26224
26237
26240
26270
26278
26309
26321
26326
26327
26345
26346
26348
26368
26373
26382
26390
26395
26404
26423
26435
26445
26450
26452
26507
26517
26518
26529
26530
26548
26664
26696
26699
26730
26780
26836
26838
26952
26955
26957
27014
27125
27243
27291
27358
27392
27409
27421
27458
27476
27489
27530
27553
27594
27653
27759
27805
27839
27843
27863
27877
27904
27935
27957
27959
27961
27975
27991
27992
27993
28014
28017
28022
28026
28035
28036
28038
28042
28044
28050
28054
28062
28064
28065
28069
28086
28088
28095
28101
28107
28129
28152
28154
28155
28156
28167
28173
28206
28207
28212
28233
28241
28249
28276
28278
28281
28283
28284
28288
28297
28300
28306
28320
28323
28329
28333
28336
28365
28390
28391
28393
28397
28403
28412
28420
28425
28437
28441
28455
28457
28459
28468
28471
28472
28473
28478
28496
28497
28505
28506
28511
28512
28514
28530
28531
28533
28535
28543
28547
28556
28563
28564
28577
28583
28593
28603
28607
28608
28617
28620
28621
28627
28638
28647
28656
28662
28666
28671
28686
28699
28703
28713
28723
28724
28726
28736
28740
28754
28757
28758
28769
28788
28792
28793
28796
28805
28821
28824
28835
28838
28840
28843
28845
28854
28857
28874
28882
28888
28892
28908
28913
28917
28928
28943
28946
28953
28964
28981
28987
28993
29002
29003
29010
29018
29084
29094
29181
29223
29264
29270
29276
29288
29299
29327
29328
29363
29373
29459
29473
29479
29488
29535
29570
29607
29609
29669
29678
29733
29737
29781
29857
29961
30044
30048
30076
30080
30087
30110
30126
30138
30157
30160
30188
30216
30230
30237
30262
30268
30279
30283
30309
30350
30376
30391
30397
30406
30407
30412
30441
30495
30529
30544
30566
30569
30592
30597
30622
30623
30631
30633
30725
30740
30752
30769
30770
30777
30779
30784
30799
30800
30803
30808
30811
30817
30819
30833
30854
30857
30869
30874
30882
30901
30902
30916
30927
30929
30931
30952
30960
30961
30962
30963
30979
30996
31006
31007
31012
31022
31072
31091
31094
31113
31133
31152
31182
31196
31213
31215
31236
31246
31254
31257
31263
31271
31280
31297
31359
31376
31377
31390
31442
31445
31462
31486
31495
31511
31522
31527
31567
31635
31695
31708
31734
31767
31789
31862
31871
31882
31890
31894
31926
31927
31990
31993
32075
32080
32099
32119
32120
32145
32147
32165
32185
32187
32189
32190
32203
32218
32221
32225
32234
32256
32292
32298
32299
32308
32310
32311
32321
32324
32325
32336
32349
32352
32353
32369
32377
32389
32395
32397
32406
32408
32409
32412
32413
32419
32420
32449
32467
32468
32474
32478
32485
32493
32504
32506
32515
32516
32529
32532
32533
32537
32542
32554
32556
32559
32563
32573
32587
32589
32593
32603
32608
32625
32634
32637
32639
32648
32656
32659
32660
32661
32662
32669
32672
32691
32697
32730
32732
32740
32743
32748
32754
32756
32761
32762
32764
32766
32768
32783
32800
32809
32830
32838
32846
32849
32860
32866
32868
32869
32871
32876
32887
32888
32891
32893
32905
32909
32917
32931
32941
32945
32947
32954
32956
32961
32968
32976
32988
32995
33001
33014
33016
33028
33038
33039
33041
33044
33048
33072
33084
33097
33110
33115
33119
33147
33148
33156
33157
33158
33160
33176
33179
33189
33195
33197
33211
33213
33217
33235
33238
33241
33242
33247
33260
33264
33276
33282
33304
33310
33312
33334
33336
33347
33359
33383
33391
33401
33406
33434
33452
33481
33482
33495
33496
33507
33518
33527
33568
33569
33570
33581
33604
33614
33616
33623
33640
33645
33669
33670
33684
33685
33694
33704
33707
33715
33749
33754
33808
33816
33834
33840
33846
33862
33876
33881
33886
33887
33892
33895
33898
33907
33913
33915
33919
33937
33939
33940
33945
33952
33954
33955
33974
33986
33987
33988
34019
34023
34029
34030
34034
34035
34038
34049
34051
34067
34072
34097
34101
34103
34107
34109
34121
34123
34124
34132
34135
34136
34160
34161
34167
34181
34214
34215
34222
34223
34239
34244
34255
34268
34271
34272
34281
34290
34299
34300
34315
34346
34368
34376
34378
34379
34396
34401
34403
34411
34412
34415
34434
34436
34438
34444
34447
34451
34462
34465
34479
34487
34492
34503
34521
34536
34538
34542
34543
34562
34570
34571
34574
34583
34599
34601
34616
34630
34649
34650
34651
34665
34666
34667
34668
34685
34692
34695
34699
34714
34716
34719
34730
34733
34734
34753
34758
34762
34766
34770
34771
34773
34776
34782
34784
34788
34791
34792
34793
34802
34807
34808
34815
34816
34818
34822
34823
34833
34838
34841
34844
34845
34847
34851
34853
34854
34856
34858
34861
34872
34893
34894
34913
34918
34922
34923
34928
34930
34932
34937
34939
34948
34949
34958
34959
34963
34967
34974
34976
34979
34982
34995
34998
35002
35004
35005
35014
35025
35026
35028
35032
35033
35046
35049
35054
35055
35058
35062
35063
35064
35065
35067
35068
35070
35072
35076
35078
35085
35086
35090
35092
35093
35094
35097
35098
35101
35103
35112
35114
35118
35124
35135
35137
35139
35142
35151
35153
35157
35161
35164
35167
35173
35176
35178
35181
35185
35187
35192
35197
35201
35202
35204
35206
35210
35214
35215
35227
35237
35239
35240
35246
35247
35261
35262
35266
35269
35271
35279
35281
35288
35291
35303
35306
35310
35312
35319
35320
35321
35322
35324
35333
35334
35340
35341
35343
35352
35356
35358
35366
35377
35386
35390
35395
35399
35411
35428
35448
35485
35489
35537
35554
35595
35631
35651
35723
35725
35746
35775
35778
35787
35798
35830
35843
35852
35897
35911
35913
35914
35921
35927
35929
35943
35959
35979
36018
36023
36039
36041
36052
36055
36058
36068
36080
36085
36104
36109
36131
36149
36156
36161
36164
36167
36188
36189
36225
36229
36247
36254
36256
36262
36274
36278
36286
36311
36319
36338
36346
36357
36362
36364
36375
36381
36387
36417
36439
36470
36480
36487
36520
36524
36525
36535
36536
36543
36561
36569
36571
36586
36618
36627
36633
36634
36645
36655
36664
36693
36711
36714
36715
36763
36765
36790
36797
36798
36831
36835
36851
36861
36862
36936
36937
36941
36974
36975
36976
36977
36989
36994
37002
37005
37008
37015
37018
37020
37033
37037
37039
37044
37049
37054
37055
37056
37061
37065
37072
37074
37078
37079
37080
37081
37085
37086
37095
37097
37105
37106
37107
37112
37116
37123
37132
37135
37140
37142
37146
37147
37151
37155
37156
37157
37162
37164
37165
37166
37168
37170
37173
37177
37180
37181
37183
37185
37187
37188
37190
37192
37193
37201
37204
37205
37208
37209
37214
37221
37230
37231
37234
37235
37244
37247
37249
37251
37253
37254
37255
37257
37259
37260
37262
37263
37267
37268
37270
37274
37277
37278
37282
37283
37291
37294
37296
37306
37307
37317
37320
37330
37331
37337
37340
37345
37346
37347
37348
37349
37350
37351
37356
37358
37362
37370
37371
37374
37377
37404
37411
37414
37417
37426
37428
37430
37431
37439
37443
37448
37449
37452
37492
37496
37509
37514
37528
37531
37537
37540
37542
37567
37587
37612
37613
37640
37641
37664
37679
37701
37811
37829
37845
37890
37895
37907
37935
37936
37943
37948
37963
37964
37990
37996
38002
38018
38021
38025
38043
38045
38065
38070
38072
38077
38080
38081
38092
38094
38095
38096
38099
38104
38108
38109
38112
38113
38117
38118
38123
38127
38130
38132
38139
38140
38148
38149
38153
38154
38155
38156
38157
38161
38163
38164
38169
38175
38177
38178
38186
38190
38194
38202
38213
38219
38234
38238
38242
38248
38252
38255
38256
38257
38258
38259
38261
38264
38265
38267
38269
38271
38273
38274
38275
38285
38296
38297
38302
38304
38317
38318
38323
38325
38332
38334
38335
38340
38346
38349
38351
38352
38356
38358
38359
38366
38372
38376
38379
38384
38385
38388
38391
38393
38396
38397
38399
38400
38405
38419
38422
38424
38429
38433
38438
38440
38441
38447
38448
38465
38467
38474
38478
38490
38497
38499
38500
38502
38509
38511
38519
38521
38522
38529
38535
38536
38540
38543
38547
38548
38549
38550
38551
38552
38555
38558
38559
38560
38561
38568
38572
38575
38578
38582
38604
38611
38621
38627
38640
38645
38647
38655
38658
38659
38668
38669
38671
38673
38674
38678
38683
38687
38691
38692
38695
38698
38705
38711
38713
38716
38717
38718
38719
38720
38721
38722
38723
38727
38728
38731
38732
38733
38738
38739
38741
38743
38744
38750
38751
38754
38755
38757
38758
38763
38764
38765
38768
38769
38770
38773
38774
38776
38777
38778
38779
38780
38784
38785
38786
38787
38788
38789
38790
38791
38792
38793
38794
38795
38796
38797
38798
38799
38800
38802
38807
38808
38811
38812
38814
38816
38821
38823
38824
38825
38830
38831
38835
38836
38839
38841
38842
38846
38850
38853
38854
38860
38866
38867
38870
38873
38886
38903
38904
38906
38918
38935
38937
38944
38949
38957
38969
38978
38979
38989
38994
38996
39001
39004
39006
39012
39015
39016
39017
39042
39043
39044
39045
39048
39050
39051
39055
39062
39063
39079
39084
39088
39091
39094
39095
39102
39108
39117
39121
39128
39131
39149
39163
39178
39217
39223
39243
39262
39264
39267
39269
39272
39276
39279
39285
39287
39323
39329
39333
39336
39344
39346
39348
39362
39370
39371
39383
39394
39407
39420
39428
39436
39464
39469
39472
39486
39489
39546
39602
39627
39641
39643
39649
39673
39678
39679
39687
39691
39692
39704
39727
39785
39819
39826
39844
39848
39863
39864
39889
39929
39964
39969
39998
40008
40037
40048
40049
40064
40066
40103
40109
40110
40117
40153
40165
40201
40217
40220
40249
40251
40291
40307
40311
40327
40340
40365
40381
40391
40414
40417
40418
40435
40451
40463
40464
40486
40518
40539
40542
40550
40576
40589
40594
40601
40603
40608
40609
40610
40611
40614
40616
40618
40630
40637
40640
40641
40644
40649
40659
40672
40687
40692
40693
40697
40731
40735
40775
40792
40824
40851
40863
40880
40906
40911
40915
40918
40921
40930
40934
40937
40947
40978
40988
40989
40990
40993
40998
41028
41029
41030
41045
41052
41068
41069
41116
41142
41162
41251
41254
41289
41313
41329
41361
41384
41386
41389
41390
41406
41429
41451
41505
41529
41532
41535
41547
41550
41560
41570
41581
41585
41628
41630
41633
41637
41651
41657
41666
41672
41677
41684
41686
41698
41700
41704
41706
41716
41718
41724
41727
41730
41736
41737
41741
41758
41784
41785
41786
41794
41800
41807
41810
41812
41831
41834
41838
41839
41846
41862
41866
41869
41870
41881
41882
41915
41917
41946
41958
41977
41994
41995
42034
42044
42045
42047
42060
42067
42081
42086
42088
42115
42116
42166
42167
42170
42203
42209
42219
42228
42256
42271
42274
42302
42308
42313
42318
42323
42335
42342
42363
42389
42404
42430
42440
42445
42446
42496
42498
42505
42508
42515
42530
42547
42555
42561
42564
42588
42591
42593
42595
42598
42607
42622
42626
42627
42629
42632
42652
42657
42660
42664
42681
42687
42694
42699
42710
42714
42742
42757
42759
42766
42778
42783
42785
42792
42798
42804
42862
42865
42884
42889
42955
42974
43001
43004
43007
43008
43009
43010
43026
43028
43032
43050
43076
43107
43130
43139
43163
43164
43169
43191
43203
43210
43211
43212
43213
43226
43230
43248
43257
43261
43274
43294
43338
43362
43422
43451
43468
43490
43528
43567
43579
43619
43626
43632
43643
43648
43659
43662
43667
43706
43709
43728
43752
43765
43787
43813
43828
43852
43853
43869
43879
43887
43888
43889
43893
43895
43897
43899
43900
43901
43903
43905
43907
43908
43909
43910
43913
43914
43915
43917
43918
43920
43921
43922
43923
43924
43926
43930
43931
43932
43935
43936
43937
43938
43939
43940
43941
43943
43945
43946
43947
43948
43949
43951
43952
43953
43954
43955
43956
43957
43958
43959
43963
43964
43965
43966
43969
43970
43971
43972
43974
43976
43977
43978
43979
43980
43981
43982
43983
43984
43985
43986
43987
43989
43990
43992
43993
43994
43995
43996
43998
44000
44001
44002
44003
44004
44005
44008
44011
44013
44016
44017
44018
44019
44021
44023
44024
44025
44026
44027
44028
44031
44032
44033
44037
44038
44039
44040
44041
44043
44044
44045
44046
44047
44049
44050
44051
44052
44053
44054
44055
44056
44057
44058
44059
44061
44062
44064
44065
44066
44068
44071
44073
44074
44076
44077
44079
44081
44082
44083
44084
44087
44088
44090
44092
44093
44094
44095
44096
44097
44098
44099
44100
44101
44102
44107
44108
44110
44111
44112
44113
44114
44117
44120
44121
44122
44125
44126
44127
44129
44131
44137
44138
44139
44140
44142
44143
44145
44146
44152
44155
44157
44160
44162
44169
44171
44172
44175
44176
44181
44201
44219
44221
44234
44278
44279
44288
44289
44344
44388
44389
44513
44567
44569
44576
44612
44629
44639
44656
44661
44666
44667
44670
44678
44679
44681
44683
44685
44690
44691
44695
44698
44704
44713
44714
44735
44736
44742
44772
44872
44875
44987
44992
45002
45009
45030
45050
45055
45078
45100
45128
45145
45156
45166
45170
45181
45192
45283
45298
45344
45351
45392
45398
45424
45427
45448
45509
45520
45576
45594
45612
45621
45638
45642
45644
45649
45650
45652
45653
45656
45670
45673
45684
45700
45701
45713
45731
45736
45746
45766
45772
45773
45782
45785
45790
45798
45825
45831
45835
45836
45843
45857
45885
45897
45936
45964
45965
45971
45984
45989
45994
46016
46023
46032
46039
46065
46070
46074
46075
46126
46132
46171
46189
46216
46227
46228
46246
46267
46272
46278
46284
46286
46294
46304
46349
46370
46389
46437
46442
46450
46463
46491
46500
46512
46533
46534
46554
46558
46559
46560
46626
46630
46681
46767
46768
46803
46809
46827
46848
46887
46939
46950
46953
46970
46997
47019
47033
47059
47074
47124
47136
47144
47166
47184
47185
47186
47196
47211
47215
47224
47236
47269
47298
47383
47408
47444
47467
47476
47500
47501
47509
47572
47573
47604
47622
47627
47637
47650
47693
47726
47748
47775
47781
47885
47890
47898
47899
47928
47929
47948
47960
47965
47974
47989
48000
48002
48039
48044
48045
48095
48113
48129
48130
48131
48151
48162
48187
48188
48190
48208
48209
48236
48264
48276
48278
48359
48402
48596
48606
48655
48658
48756
48763
48780
48789
48807
48820
48825
48830
48842
48852
48862
48867
48868
48891
48899
48910
48919
48952
48957
48958
48978
48993
48994
48996
48998
49000
49004
49029
49058
49060
49064
49065
49070
49071
49072
49074
49082
49086
49087
49168
49196
49239
49241
49243
49251
49279
49302
49312
49322
49411
49422
49427
49436
49452
49462
49479
49485
49503
49533
49537
49549
49550
49555
49581
49590
49608
49645
49658
49668
49674
49680
49690
49693
49700
49716
49738
49761
49780
49806
49821
49838
49851
49866
49879
49894
49916
49954
49959
49997
50001
50003
50027
50030
50172
50221
50272
50300
50309
50315
50323
50325
50326
50333
50338
50365
50367
50369
50375
50389
50390
50422
50423
50474
50478
50491
50507
50508
50514
50526
50535
50546
50574
50582
50637
50650
50651
50656
50670
50698
50701
50713
50717
50725
50734
50735
50736
50737
50743
50744
50761
50788
50789
50836
50838
50900
50911
50935
50945
50963
50968
51011
51022
51042
51074
51094
51113
51119
51126
51127
51130
51133
51137
51139
51143
51156
51158
51161
51162
51163
51164
51170
51172
51175
51176
51180
51181
51182
51183
51186
51190
51192
51193
51196
51197
51205
51207
51209
51214
51215
51217
51218
51221
51222
51225
51231
51238
51240
51243
51244
51250
51260
51263
51270
51271
51273
51276
51282
51288
51292
51296
51297
51311
51313
51316
51328
51330
51370
51382
51387
51418
51436
51459
51474
51486
51505
51550
51568
51643
51660
51668
51723
51724
51779
51786
51818
51842
51845
51847
51848
51863
51871
51875
51880
51881
51885
51899
51907
51915
51917
51921
51953
51959
51962
51974
51979
51981
51995
51997
52015
52027
52031
52041
52044
52059
52068
52073
52137
52138
52151
52163
52170
52183
52204
52215
52235
52236
52237
52242
52244
52247
52258
52265
52266
52267
52268
52269
52271
52272
52273
52276
52277
52278
52279
52281
52284
52285
52290
52291
52293
52294
52296
52299
52309
52315
52332
52434
52442
52443
52453
52455
52457
52472
52489
52493
52512
52535
52550
52581
52616
52626
52663
52684
52719
52734
52744
52768
52774
52791
52794
52811
52844
52867
52886
52890
52902
52909
52913
52914
52916
52917
52921
52923
52925
52933
52936
52940
52943
52950
52955
52956
52958
52960
53000
53078
53100
53160
53166
53180
53188
53224
53261
53291
53308
53334
53350
53372
53386
53387
53407
53473
53485
53489
53514
53522
53544
53549
53575
53578
53613
53623
53631
53666
53674
53696
53728
53732
53734
53740
53747
53771
53800
53803
53804
53817
53839
53840
53850
53855
53874
53883
53910
53920
53957
53967
53972
54009
54017
54096
54106
54109
54119
54134
54141
54153
54158
54203
54272
54273
54274
54325
54337
54338
54342
54362
54373
54377
54399
54412
54415
54419
54422
54424
54434
54440
54458
54459
54485
54496
54497
54498
54507
54510
54512
54513
54519
54529
54544
54546
54548
54558
54575
54579
54580
54586
54612
54643
54644
54645
54650
54654
54658
54663
54670
54674
54675
54685
54688
54713
54715
54731
54752
54779
54797
54823
54833
54834
54837
54840
54846
54847
54850
54858
54872
54874
54889
54900
54901
54905
54909
54918
54920
54928
54931
54937
54944
54945
54946
54951
54956
54961
54962
54967
54968
54972
54974
54976
54978
54981
54987
54988
54989
54993
55000
55007
55012
55024
55031
55034
55036
55038
55039
55041
55046
55048
55053
55055
55058
55062
55072
55075
55076
55077
55081
55084
55087
55088
55089
55092
55094
55098
55100
55101
55102
55106
55109
55111
55115
55118
55120
55121
55122
55124
55127
55129
55131
55132
55134
55137
55142
55144
55148
55152
55153
55161
55163
55169
55192
55193
55196
55200
55211
55217
55224
55226
55232
55236
55244
55249
55251
55263
55271
55277
55299
55303
55308
55310
55349
55351
55355
55372
55382
55395
55398
55414
55417
55420
55424
55430
55433
55434
55449
55469
55479
55482
55493
55496
55499
55507
55519
55537
55542
55561
55627
55630
55693
55712
55722
55726
55771
55780
55786
55789
55791
55798
55800
55816
55820
55829
55834
55841
55855
55864
55894
55914
55927
55930
55937
55940
55944
55947
55949
55952
55956
55961
55967
55969
55978
55994
56000
56002
56012
56031
56034
56035
56040
56046
56053
56055
56061
56066
56069
56079
56103
56117
56125
56136
56137
56148
56150
56173
56193
56195
56209
56211
56213
56237
56246
56258
56265
56271
56284
56299
56308
56313
56315
56338
56381
56394
56449
56499
56516
56520
56531
56558
56565
56573
56576
56580
56586
56587
56593
56596
56602
56605
56607
56616
56628
56630
56635
56639
56645
56652
56654
56658
56662
56672
56680
56688
56697
56699
56705
56706
56712
56716
56718
56719
56731
56732
56734
56740
56743
56751
56769
56774
56782
56783
56791
56805
56807
56823
56825
56826
56831
56837
56838
56841
56843
56863
56864
56865
56869
56870
56875
56880
56884
56888
56892
56894
56901
56906
56907
56913
56916
56919
56936
56940
56941
56946
56952
56977
56982
56983
56988
56991
57000
57002
57003
57008
57016
57019
57028
57038
57044
57066
57070
57125
57131
57237
57279
57296
57307
57309
57315
57317
57323
57336
57350
57364
57379
57382
57384
57386
57400
57411
57425
57435
57438
57444
57447
57448
57450
57462
57465
57470
57472
57478
57490
57495
57525
57592
57596
57649
57652
57691
57692
57785
57885
57950
58172
58212
58217
58228
58233
58241
58260
58261
58271
58275
58290
58322
58327
58346
58389
58403
58420
58422
58423
58443
58473
58478
58484
58487
58491
58493
58503
58509
58515
58516
58531
58535
58539
58545
58546
58560
58561
58563
58603
58620
58625
58649
58654
58662
58674
58678
58690
58696
58706
58709
58726
58739
58764
58769
58774
58777
58789
58808
58842
58845
58882
58886
58888
58903
58911
58918
58933
58978
58988
58994
59019
59024
59053
59090
59098
59100
59125
59131
59143
59155
59187
59191
59194
59200
59204
59238
59253
59268
59269
59359
59365
59371
59383
59394
59396
59398
59400
59446
59460
59462
59464
59469
59492
59507
59523
59532
59540
59543
59558
59567
59570
59613
59625
59644
59695
59696
59701
59710
59720
59782
59845
59857
